,0,1,2,3
0,1.1764410279681317,0.8451525113764714,0.9292613152029758,0.06401843996644802
1,0.9642032362719026,1.2728356534360319,0.3941828370703259,0.06401843996644802
2,-1.4736982556901075,0.0153174981364527,-1.6282071080291034,1.1843411393792878
3,-1.4830892884677978,-2.7955636268687294,-1.643330253869999,1.1843411393792878
4,-0.14952430579949486,1.136372815671767,-0.7923171673083588,1.1843411393792878
5,0.8531204238991362,-0.04431628371617756,0.4359899438105132,1.1843411393792878
6,-0.2235367449287451,-0.31510070198198553,-0.9194638127814777,0.06401843996644802
7,-0.19454707069567143,0.21199679127607116,-1.277269549503694,-1.0563042594463918
8,0.10478723120223904,-0.08388412482056971,0.45640241374181784,-1.0563042594463918
9,-1.0096457963731262,-1.0701947345127218,-0.4677395697878912,-1.0563042594463918
10,0.0687289693528528,-0.38396487092543624,0.7289976874428746,-1.0563042594463918
11,-1.1763879716166261,0.14067421365879726,-1.3610780517169887,1.1843411393792878
12,0.9764863086954354,0.9689421029739427,0.8318517279420039,1.1843411393792878
13,0.3913119085965196,0.45560401212290635,0.3636177879538623,-1.0563042594463918
14,-0.16880668806469137,0.613135097787755,-0.5474765077490416,-1.0563042594463918
15,1.2088001026078674,-0.9294726736363169,1.2389213348468966,1.1843411393792878
16,0.4459300552092177,0.8275876802264397,0.6011916040872124,1.1843411393792878
17,-0.9048395913763085,-0.20234037096254445,-0.27079338639835515,-1.0563042594463918
18,-1.4941993528903983,-0.2629853883426198,-1.284515184797327,-1.0563042594463918
19,1.838465386463275,1.0721479080674698,1.8826093593244029,-1.0563042594463918
20,0.42966801994764503,0.1382705398062294,0.34117457977814564,0.06401843996644802
21,-0.5909247774807868,-2.813420765255677,-0.0783017845422962,-1.0563042594463918
22,0.0849241864057403,-0.9501775754894207,-0.5267275672238493,1.1843411393792878
23,1.264930677324511,0.9099340837586404,-0.6288601340675769,-1.0563042594463918
24,-0.11002675087730651,-0.699030535967129,0.7774845615562854,0.06401843996644802
25,-0.9066959487875345,0.12801571872042725,-0.045755641685948555,0.06401843996644802
26,0.11250124992023536,1.1651520741355637,0.7375192262184755,1.1843411393792878
27,0.27709191983684567,1.15508552530727,0.06707569277649143,1.1843411393792878
28,1.033719588819211,-0.5853630043996502,0.779175572527313,-1.0563042594463918
29,-0.7038893627797387,-1.582898522541553,-0.25328968727634293,-1.0563042594463918
30,-1.467237180866869,-0.30831009043434776,0.7166857708887755,0.06401843996644802
31,1.4649128617504705,-0.19745693797396152,1.4004705893520808,1.1843411393792878
32,1.894861184376355,0.5100566190869339,2.10410780830441,1.1843411393792878
33,-1.4941993528903983,0.4529584957622395,-1.643330253869999,-1.0563042594463918
34,-1.0396358990620014,1.2052408665174352,-1.4182641522166062,-1.0563042594463918
